epoch,train_loss,val_loss,train_pcc,val_pcc
1,5.560136318206787,4.749263286590576,0.047291047871112823,0.01314917579293251
2,5.221984386444092,4.055503845214844,0.03705671802163124,0.09824527055025101
3,4.663786888122559,3.4064443111419678,0.08935335278511047,0.2270658016204834
4,4.515477180480957,3.3690028190612793,0.08061660826206207,0.291555792093277
5,4.3096394538879395,3.2657508850097656,0.23010821640491486,0.3170175850391388
6,4.340582847595215,3.230426788330078,0.2267504632472992,0.341587632894516
7,4.019747734069824,3.110247850418091,0.29672160744667053,0.36166995763778687
8,3.8451321125030518,3.1126747131347656,0.3305862545967102,0.39129504561424255
9,4.082540988922119,2.9982125759124756,0.33551540970802307,0.41621506214141846
10,3.8254220485687256,3.064279794692993,0.34035712480545044,0.42374885082244873
11,3.618361234664917,2.96954083442688,0.3611980974674225,0.4312843978404999
12,3.863896131515503,2.9725043773651123,0.40870872139930725,0.4478738307952881
13,3.901968240737915,2.982346773147583,0.4033253490924835,0.4489670693874359
14,3.5047740936279297,2.922630786895752,0.46053797006607056,0.4559485912322998
15,3.7902541160583496,2.9522714614868164,0.3767133355140686,0.46773430705070496
16,3.620807647705078,2.936577081680298,0.4445503056049347,0.4761293828487396
17,3.658928871154785,2.9109270572662354,0.4690758287906647,0.47565147280693054
18,3.7696030139923096,2.897010087966919,0.4403454065322876,0.4840236008167267
19,3.64322829246521,2.8439316749572754,0.4484492540359497,0.48491036891937256
20,3.592839241027832,2.846435070037842,0.4784209430217743,0.48932743072509766
21,3.377817392349243,2.879181385040283,0.4840294420719147,0.49469462037086487
22,3.558378219604492,2.8286731243133545,0.4846653342247009,0.49401769042015076
23,3.665769338607788,2.8486804962158203,0.46453481912612915,0.4912533462047577
24,3.462505340576172,2.8519937992095947,0.4688706696033478,0.49042171239852905
25,3.3380038738250732,2.850724458694458,0.4927074611186981,0.49773138761520386
26,3.3157174587249756,2.8658394813537598,0.5017372369766235,0.497307687997818
27,3.1500132083892822,2.7770044803619385,0.5273385643959045,0.49946117401123047
28,3.221465587615967,2.7605960369110107,0.5529685020446777,0.49262505769729614
29,3.203233242034912,2.8342032432556152,0.5180083513259888,0.4934833347797394
30,3.2993993759155273,2.83884596824646,0.5273516774177551,0.4816214442253113
31,3.069956064224243,2.8563613891601562,0.5187385678291321,0.48455575108528137
32,3.3124966621398926,2.92893123626709,0.49276649951934814,0.48874831199645996
33,3.0397419929504395,2.841825246810913,0.5508533716201782,0.493551105260849
34,3.2166244983673096,2.805924415588379,0.5477764010429382,0.4913685619831085
35,3.1192386150360107,2.8682425022125244,0.5792860984802246,0.48604297637939453
36,3.034438133239746,2.9206371307373047,0.5532457232475281,0.4791833162307739
37,3.1428382396698,2.8571255207061768,0.5368087887763977,0.47660332918167114
38,2.963205575942993,2.916341543197632,0.5472119450569153,0.47807323932647705
39,3.079806327819824,2.8478260040283203,0.5446369647979736,0.48030367493629456
40,2.9082186222076416,2.984956979751587,0.5610167384147644,0.4703596532344818
41,3.082681655883789,2.936061143875122,0.5871242880821228,0.4740200340747833
42,2.6808178424835205,2.9178712368011475,0.5779790878295898,0.46703898906707764
43,2.8303422927856445,2.8956286907196045,0.6045281291007996,0.4645608365535736
44,2.9983222484588623,2.9402763843536377,0.6096601486206055,0.45726141333580017
45,2.8994107246398926,3.0128302574157715,0.6144869923591614,0.450276255607605
46,3.0594897270202637,3.1218161582946777,0.5857301354408264,0.44198963046073914
47,2.856938123703003,3.052617073059082,0.6025686264038086,0.4408322274684906
48,2.8211569786071777,2.990006685256958,0.5976212024688721,0.4452669024467468
49,2.7158420085906982,3.0570907592773438,0.5931165814399719,0.4387631118297577
50,2.909175395965576,3.055889129638672,0.5813555121421814,0.44123631715774536
51,2.969360589981079,3.0713212490081787,0.5610218644142151,0.4329908490180969
52,2.9270403385162354,3.1019511222839355,0.5894197821617126,0.4268817901611328
53,2.8565804958343506,3.1369500160217285,0.618217945098877,0.4254772663116455
54,2.6846694946289062,3.0687334537506104,0.6269909739494324,0.42920514941215515
55,2.9175779819488525,3.2039694786071777,0.6058210134506226,0.4157096743583679
56,2.8062632083892822,3.207893133163452,0.5865478515625,0.4064213037490845
57,2.487394094467163,3.214078187942505,0.6261115074157715,0.41069889068603516
58,2.6635382175445557,3.2503716945648193,0.6382336616516113,0.4097740054130554
59,2.4823055267333984,3.211489200592041,0.6444641947746277,0.41028520464897156
60,2.8657643795013428,3.277367353439331,0.606529712677002,0.3983696699142456
61,2.380207061767578,3.318507671356201,0.6617212891578674,0.39592865109443665
62,2.3425095081329346,3.2879889011383057,0.6615673899650574,0.4020746946334839
63,2.753464698791504,3.3241958618164062,0.6605379581451416,0.40027549862861633
64,2.5802481174468994,3.3165063858032227,0.6377450823783875,0.40455397963523865
65,2.630581855773926,3.3346755504608154,0.6522343158721924,0.40821292996406555
66,2.705430746078491,3.3953349590301514,0.639537513256073,0.38835811614990234
67,2.496161937713623,3.268085479736328,0.6617147922515869,0.4008447825908661
68,2.3629817962646484,3.258239984512329,0.6779046058654785,0.4104025959968567
69,2.435382843017578,3.33587384223938,0.6484298706054688,0.40737640857696533
70,2.704286813735962,3.214354991912842,0.6389992833137512,0.4112406075000763
71,2.4291181564331055,3.345297336578369,0.643012285232544,0.4014614522457123
72,2.4149258136749268,3.40787935256958,0.6892926096916199,0.40255481004714966
73,2.503767728805542,3.467442035675049,0.620660662651062,0.38955384492874146
74,2.495272397994995,3.4323232173919678,0.6370189785957336,0.3859391212463379
75,2.673375129699707,3.416369676589966,0.642679750919342,0.3835754692554474
76,2.462527275085449,3.411684989929199,0.6662644147872925,0.38939568400382996
77,2.3744425773620605,3.4865000247955322,0.6852583289146423,0.3910272717475891
78,2.5037713050842285,3.5454511642456055,0.6770148873329163,0.37668636441230774
79,2.6311111450195312,3.60794997215271,0.6213828325271606,0.36248743534088135
80,2.2644543647766113,3.445725202560425,0.6807601451873779,0.3788118362426758
81,2.3775815963745117,3.6706390380859375,0.6896151304244995,0.3690381646156311
82,2.3243002891540527,3.571288585662842,0.6968605518341064,0.37138691544532776
83,2.652033567428589,3.5245416164398193,0.6624383926391602,0.36918142437934875
84,2.1691131591796875,3.5439467430114746,0.7088914513587952,0.3719828426837921
85,2.378095865249634,3.4704790115356445,0.6521191596984863,0.37835994362831116
86,2.271841287612915,3.5318119525909424,0.6948433518409729,0.3664330542087555
87,2.3215017318725586,3.534524440765381,0.6812230944633484,0.37358999252319336
88,2.265669822692871,3.567307233810425,0.6942735314369202,0.368308961391449
89,2.298750638961792,3.5720374584198,0.6972993016242981,0.3615531325340271
90,2.1734812259674072,3.6550583839416504,0.6879647374153137,0.36891287565231323
91,2.394012212753296,3.5373075008392334,0.6873936057090759,0.3745972514152527
92,2.505492687225342,3.6330080032348633,0.6676206588745117,0.3556846082210541
93,2.212050437927246,3.53542160987854,0.6665822863578796,0.36012768745422363
94,2.206150770187378,3.5591440200805664,0.649760901927948,0.3529004454612732
95,2.490729331970215,3.4725453853607178,0.6480035781860352,0.36542585492134094
96,2.3265671730041504,3.4870290756225586,0.6756251454353333,0.37415963411331177
97,2.4365055561065674,3.484858274459839,0.6635432839393616,0.3719656467437744
98,2.2934701442718506,3.5666887760162354,0.6688888072967529,0.3540368378162384
99,2.297253370285034,3.4197776317596436,0.6638349294662476,0.3704794943332672
100,2.1855642795562744,3.514042854309082,0.6979252099990845,0.3602352440357208
101,2.4306018352508545,3.623629570007324,0.6789386868476868,0.34756752848625183
102,2.7180821895599365,3.528771162033081,0.622704267501831,0.35479873418807983
103,2.1336545944213867,3.580653667449951,0.6803471446037292,0.3574715256690979
104,2.127368450164795,3.683819055557251,0.700279176235199,0.3457309305667877
105,2.570434331893921,3.5449392795562744,0.6539519429206848,0.3634016215801239
106,2.1845486164093018,3.6069531440734863,0.6690626740455627,0.3596257269382477
107,2.3431196212768555,3.5545942783355713,0.6857243776321411,0.3629617393016815
108,2.079456329345703,3.487436294555664,0.716215193271637,0.36143431067466736
109,2.2071690559387207,3.6291744709014893,0.6889564990997314,0.34446877241134644
110,2.4699602127075195,3.669590950012207,0.6550179123878479,0.35566845536231995
111,2.179703712463379,3.672649621963501,0.6805543899536133,0.3468315303325653
112,2.1917736530303955,3.7194836139678955,0.7155742049217224,0.3446253538131714
113,2.1321847438812256,3.5620694160461426,0.6918537616729736,0.35458439588546753
114,2.003202438354492,3.660684108734131,0.7177234888076782,0.3498726785182953
115,2.1382360458374023,3.594980239868164,0.7005865573883057,0.3483620882034302
116,2.080747127532959,3.642970561981201,0.7078943848609924,0.3483331501483917
117,2.368279218673706,3.7894535064697266,0.6664319038391113,0.32802653312683105
118,2.140838623046875,3.610590696334839,0.7034281492233276,0.3365710973739624
119,2.3545467853546143,3.5174992084503174,0.6962225437164307,0.3723703920841217
120,2.344717502593994,3.5167415142059326,0.711607813835144,0.3722016215324402
121,2.131718397140503,3.5556225776672363,0.6900629997253418,0.3664172887802124
122,2.4642248153686523,3.548041343688965,0.6837124824523926,0.3559321165084839
123,2.139122486114502,3.514728546142578,0.6845381259918213,0.35680559277534485
124,2.104665517807007,3.5455195903778076,0.7029513120651245,0.35716894268989563
125,2.2975757122039795,3.4670209884643555,0.7053583860397339,0.3737318515777588
126,2.14780855178833,3.4783213138580322,0.6982206702232361,0.37160953879356384
127,2.1080374717712402,3.5981757640838623,0.6886900663375854,0.3594591021537781
128,1.986686110496521,3.592733144760132,0.7152246832847595,0.3667661249637604
129,2.17911958694458,3.610816240310669,0.7011380195617676,0.34906134009361267
130,2.355851888656616,3.7054712772369385,0.7039464712142944,0.33600786328315735
131,2.032975673675537,3.6367061138153076,0.699960470199585,0.34378430247306824
132,1.9354134798049927,3.6528520584106445,0.7242819666862488,0.3481539785861969
133,2.0327043533325195,3.628884792327881,0.7302770614624023,0.34442609548568726
134,2.217233896255493,3.625079393386841,0.7072980999946594,0.3404938578605652
135,2.2576026916503906,3.5708067417144775,0.6981306076049805,0.3554157614707947
136,2.1377193927764893,3.5555801391601562,0.7047078609466553,0.3617253005504608
137,1.9253618717193604,3.557781219482422,0.722358763217926,0.35322892665863037
138,2.087000608444214,3.5625336170196533,0.7184408903121948,0.3521100580692291
139,2.1446034908294678,3.6865057945251465,0.7318785190582275,0.3458741009235382
140,2.183391809463501,3.6136112213134766,0.6941028237342834,0.3483425974845886
141,2.19665789604187,3.5984933376312256,0.728091835975647,0.36089059710502625
142,2.215714693069458,3.5490052700042725,0.6762261390686035,0.35464444756507874
143,2.0983211994171143,3.601344108581543,0.7181203365325928,0.337500661611557
144,2.4757778644561768,3.629009485244751,0.6957954168319702,0.34515249729156494
145,2.325404405593872,3.5522098541259766,0.6765047907829285,0.3536784052848816
146,2.0051963329315186,3.584505319595337,0.7246544361114502,0.3470573127269745
147,2.11773681640625,3.364135265350342,0.7089189887046814,0.3651497960090637
148,2.138798713684082,3.4709949493408203,0.7145907282829285,0.3532862067222595
149,2.2540225982666016,3.536715269088745,0.7267624735832214,0.3546433448791504
150,2.257601022720337,3.437455654144287,0.6923901438713074,0.3683321177959442
151,2.1700704097747803,3.535984754562378,0.707004725933075,0.360605388879776
152,2.140397310256958,3.609290361404419,0.6933393478393555,0.34814390540122986
153,1.992095708847046,3.6763484477996826,0.7381808757781982,0.3290731608867645
154,2.043303966522217,3.6575491428375244,0.7273658514022827,0.3477341830730438
155,2.1542065143585205,3.651841402053833,0.7076834440231323,0.34386247396469116
156,2.1981966495513916,3.5687294006347656,0.7146484851837158,0.3555382192134857
157,1.9751567840576172,3.4709792137145996,0.7517960071563721,0.36750859022140503
158,2.204904794692993,3.55061936378479,0.7118080854415894,0.36669304966926575
159,2.3768222332000732,3.499635934829712,0.6857712268829346,0.36507073044776917
160,2.035784959793091,3.4673240184783936,0.7140777707099915,0.36173370480537415
161,1.9457981586456299,3.4440789222717285,0.7360594272613525,0.3725680410861969
162,2.240687370300293,3.540226936340332,0.6674230098724365,0.36042118072509766
163,2.000734806060791,3.4713425636291504,0.7410796284675598,0.3785354793071747
164,1.9544272422790527,3.4960949420928955,0.7413886189460754,0.37660643458366394
165,2.173922538757324,3.5251834392547607,0.7093636393547058,0.3522721230983734
166,2.0902130603790283,3.5236120223999023,0.6926257014274597,0.363627552986145
167,2.1841421127319336,3.564850091934204,0.7003903388977051,0.36007553339004517
168,2.03735613822937,3.598801851272583,0.7232598066329956,0.34964656829833984
169,2.222355604171753,3.5717153549194336,0.7244115471839905,0.3588593602180481
170,2.1001853942871094,3.6866331100463867,0.6905877590179443,0.34525007009506226
171,2.1454715728759766,3.657010793685913,0.7180647253990173,0.33981844782829285
172,2.1568644046783447,3.5507302284240723,0.7344716787338257,0.35452306270599365
173,1.9916809797286987,3.568317413330078,0.7185284495353699,0.3475000560283661
174,1.9272818565368652,3.7593917846679688,0.7187226414680481,0.33897966146469116
175,1.86360764503479,3.7660937309265137,0.720291018486023,0.33631691336631775
176,2.0066373348236084,3.8173375129699707,0.7214625477790833,0.3122060000896454
177,1.959221601486206,3.683126211166382,0.7055990695953369,0.3349663317203522
178,2.1416966915130615,3.6453566551208496,0.7326614856719971,0.33180516958236694
179,2.1885428428649902,3.628476858139038,0.7119951248168945,0.3348955512046814
180,2.1089329719543457,3.619809150695801,0.7144782543182373,0.3321012556552887
181,2.0685112476348877,3.6447207927703857,0.7078256607055664,0.3462774157524109
182,1.9547871351242065,3.616323471069336,0.7296527624130249,0.34572282433509827
183,2.07666015625,3.771632194519043,0.7083985805511475,0.33541643619537354
184,2.1697418689727783,3.7528553009033203,0.6980622410774231,0.32493433356285095
185,2.06026029586792,3.5530331134796143,0.6960022449493408,0.33918336033821106
186,2.1863622665405273,3.6259477138519287,0.707338273525238,0.34829676151275635
187,1.916664481163025,3.565966844558716,0.7350472211837769,0.35525837540626526
188,1.964529275894165,3.619819164276123,0.7111188769340515,0.35619840025901794
189,2.198493480682373,3.669750928878784,0.7075855731964111,0.33214667439460754
190,2.0737290382385254,3.6372172832489014,0.7002763748168945,0.34244391322135925
191,1.9844051599502563,3.602260112762451,0.721545934677124,0.3517996370792389
192,2.1622395515441895,3.5254178047180176,0.7328183650970459,0.36274898052215576
193,1.9004014730453491,3.5488617420196533,0.7226155400276184,0.3573107123374939
194,2.1076321601867676,3.462843418121338,0.7132271528244019,0.3651776611804962
195,1.9779759645462036,3.4995641708374023,0.72126704454422,0.3589898943901062
196,1.9808926582336426,3.572592258453369,0.6977344751358032,0.3476625382900238
197,2.0598504543304443,3.64357590675354,0.7349563241004944,0.35687190294265747
198,1.8963457345962524,3.662796974182129,0.7269949913024902,0.34974876046180725
199,1.8471221923828125,3.6545965671539307,0.7434608936309814,0.35788652300834656
200,1.900797963142395,3.6997222900390625,0.7278691530227661,0.3449532091617584
201,1.9567387104034424,3.637990713119507,0.7610946297645569,0.3576730489730835
202,2.0394580364227295,3.545367479324341,0.7307648658752441,0.3505822718143463
203,1.9472144842147827,3.698108673095703,0.7459418177604675,0.3500460982322693
204,2.144916534423828,3.7514872550964355,0.7095874547958374,0.32443591952323914
205,2.0338358879089355,3.7865653038024902,0.7029725909233093,0.33453574776649475
206,2.1367545127868652,3.725816011428833,0.6756471991539001,0.3233099579811096
207,2.103198289871216,3.6520144939422607,0.7141539454460144,0.3299694359302521
208,1.998751163482666,3.7177698612213135,0.7242563962936401,0.31442517042160034
209,1.8829187154769897,3.731806755065918,0.7281769514083862,0.33015066385269165
210,1.8320963382720947,3.7531068325042725,0.7515944838523865,0.3399764597415924
211,2.1650116443634033,3.7033989429473877,0.7317713499069214,0.32880765199661255
212,2.1859500408172607,3.5553417205810547,0.7183169722557068,0.349609375
213,2.148780345916748,3.6388347148895264,0.7110021114349365,0.35360953211784363
214,1.8971961736679077,3.587031602859497,0.7374652624130249,0.36307835578918457
215,2.0364112854003906,3.585636854171753,0.7235098481178284,0.34773463010787964
216,1.8480150699615479,3.670910120010376,0.7380244731903076,0.34789174795150757
217,1.8628673553466797,3.88580584526062,0.7584952712059021,0.32170569896698
218,2.086189031600952,3.662475347518921,0.712790310382843,0.3437853455543518
219,2.1588222980499268,3.770066976547241,0.711392879486084,0.32319173216819763
220,2.112696409225464,3.8053536415100098,0.7217007875442505,0.3281842768192291
221,2.093418836593628,3.630100965499878,0.7357903718948364,0.3440003991127014
222,2.0958480834960938,3.595743179321289,0.7356137037277222,0.35132014751434326
223,2.096912384033203,3.679807186126709,0.7127153277397156,0.3488127291202545
224,2.014636754989624,3.6252548694610596,0.7329796552658081,0.355941504240036
225,2.051701068878174,3.6231143474578857,0.7434548139572144,0.3464900255203247
226,2.1152889728546143,3.5756709575653076,0.7296523451805115,0.3452609181404114
227,1.9486711025238037,3.573517084121704,0.74419105052948,0.3461284339427948
228,2.124040365219116,3.560645580291748,0.7108544111251831,0.3596586287021637
229,1.976631760597229,3.5642497539520264,0.7523611783981323,0.3608686923980713
230,1.9849127531051636,3.5085184574127197,0.7486547827720642,0.37662631273269653
231,2.039574146270752,3.669046401977539,0.7236828804016113,0.352244108915329
232,2.0985000133514404,3.568324089050293,0.7242240905761719,0.36159244179725647
233,2.0710933208465576,3.5677876472473145,0.7243439555168152,0.3579472005367279
234,2.047379970550537,3.620209217071533,0.7290383577346802,0.3528786301612854
235,2.1335079669952393,3.6951167583465576,0.699533998966217,0.34177908301353455
236,1.8486655950546265,3.70127010345459,0.7219151854515076,0.34644386172294617
237,1.8082952499389648,3.6437017917633057,0.7463731169700623,0.3566160500049591
238,2.207322597503662,3.5882768630981445,0.7317634224891663,0.35658788681030273
239,2.0937342643737793,3.680574655532837,0.7296434640884399,0.343108206987381
240,2.0850989818573,3.586111068725586,0.7326530814170837,0.3582868278026581
241,1.9970848560333252,3.581494092941284,0.7262446880340576,0.34482619166374207
242,2.007986307144165,3.740107536315918,0.7419873476028442,0.34526026248931885
243,1.9921197891235352,3.663142442703247,0.7303375005722046,0.3514871597290039
244,1.9243515729904175,3.696192979812622,0.7624975442886353,0.35098400712013245
245,1.8202488422393799,3.74674916267395,0.7453514933586121,0.34301453828811646
246,2.180943489074707,3.6789638996124268,0.7073752880096436,0.3425431549549103
247,1.9770358800888062,3.696033477783203,0.7413405179977417,0.3432476222515106
248,2.003465175628662,3.6526176929473877,0.7260743379592896,0.3560796082019806
249,2.0802693367004395,3.53182053565979,0.738818883895874,0.36436396837234497
250,1.9175480604171753,3.579510450363159,0.7320201396942139,0.3502994477748871
251,1.9987534284591675,3.582503080368042,0.7117621898651123,0.3485412299633026
252,1.9287559986114502,3.644613027572632,0.75919109582901,0.35153236985206604
253,1.6956489086151123,3.6324334144592285,0.7736186981201172,0.35137367248535156
254,1.900804877281189,3.64142107963562,0.7545048594474792,0.3504183888435364
255,1.938554286956787,3.605130434036255,0.7441325783729553,0.35094118118286133
256,2.071045398712158,3.6597111225128174,0.7249157428741455,0.3510063886642456
257,1.8288079500198364,3.747041940689087,0.7630143761634827,0.3504880666732788
258,1.9386191368103027,3.64857816696167,0.7313118577003479,0.35096612572669983
259,2.0102100372314453,3.693025588989258,0.7142219543457031,0.35352256894111633
260,1.8705052137374878,3.8047776222229004,0.7579936385154724,0.3463860750198364
261,1.8999677896499634,3.778170585632324,0.7389886975288391,0.3469597101211548
262,1.9250328540802002,3.822951078414917,0.7286564111709595,0.3399827480316162
263,2.0543947219848633,3.6956989765167236,0.744438648223877,0.3405589759349823
264,1.9996265172958374,3.7522432804107666,0.7517405152320862,0.3458225131034851
265,2.130801200866699,3.501983404159546,0.7294654250144958,0.3671450614929199
266,1.9734711647033691,3.500668525695801,0.7202624082565308,0.37013185024261475
267,2.0351521968841553,3.4549319744110107,0.7186934947967529,0.36658531427383423
268,1.8535507917404175,3.5674424171447754,0.740641713142395,0.3735952377319336
269,2.0326921939849854,3.5877277851104736,0.7261386513710022,0.3731038570404053
270,1.9139736890792847,3.616089105606079,0.7145732045173645,0.3674577474594116
271,1.81856107711792,3.766916513442993,0.7474225759506226,0.3667621612548828
272,1.9245824813842773,3.541332483291626,0.7540248036384583,0.3629360795021057
273,2.133528470993042,3.580293655395508,0.7074880003929138,0.3590308427810669
274,1.7738081216812134,3.6836583614349365,0.7407205700874329,0.3597930371761322
275,1.9347621202468872,3.7256858348846436,0.7389214038848877,0.36360830068588257
276,1.942885398864746,3.6708824634552,0.7324168682098389,0.3524680435657501
277,2.055135488510132,3.7890689373016357,0.7309826016426086,0.3375062346458435
278,1.8493695259094238,3.789644956588745,0.7398608922958374,0.35192081332206726
279,1.9509555101394653,3.686054229736328,0.7152524590492249,0.35291004180908203
280,2.0549511909484863,3.594036817550659,0.7298756837844849,0.35437142848968506
281,1.945417881011963,3.6393046379089355,0.7505884766578674,0.35438525676727295
282,1.9993767738342285,3.496279716491699,0.7490372061729431,0.3712975084781647
283,1.8229689598083496,3.682901382446289,0.7444215416908264,0.3598121702671051
284,2.077751636505127,3.5345301628112793,0.721832811832428,0.3665725886821747
285,2.1226913928985596,3.5136806964874268,0.7341555953025818,0.37082698941230774
286,1.9458458423614502,3.440535545349121,0.7277926802635193,0.37393930554389954
287,2.224024534225464,3.474107027053833,0.7231265902519226,0.3713360130786896
288,1.9221841096878052,3.6041083335876465,0.7502884864807129,0.3721919655799866
289,1.99595308303833,3.66029953956604,0.7210448384284973,0.3598158657550812
290,1.906568169593811,3.5983073711395264,0.7563178539276123,0.3590804934501648
291,1.8751187324523926,3.608252763748169,0.7335140109062195,0.3637525737285614
292,1.7857532501220703,3.6176884174346924,0.746321976184845,0.35545793175697327
293,1.8705319166183472,3.6452627182006836,0.7460249662399292,0.35206708312034607
294,1.9072093963623047,3.758112668991089,0.7544340491294861,0.3483808934688568
295,1.9035578966140747,3.72495436668396,0.7594153881072998,0.34429705142974854
296,2.173438549041748,3.5669569969177246,0.7519832253456116,0.3716093897819519
297,1.7944812774658203,3.5980141162872314,0.7522008419036865,0.3617948889732361
298,1.8716802597045898,3.663097381591797,0.7201211452484131,0.359856516122818
299,1.9798548221588135,3.7103095054626465,0.7471448183059692,0.3540823757648468
300,2.026581287384033,3.7107319831848145,0.7210985422134399,0.3441188335418701
301,1.934740424156189,3.653534412384033,0.7506749629974365,0.35797062516212463
302,1.7432562112808228,3.628570079803467,0.7583129405975342,0.3649756610393524
303,1.9411518573760986,3.6585617065429688,0.748897135257721,0.36281391978263855
304,1.8401522636413574,3.5816714763641357,0.7485738396644592,0.3613980710506439
305,2.1616008281707764,3.539914131164551,0.727370023727417,0.3640582859516144
306,1.8091826438903809,3.5960817337036133,0.7411680817604065,0.3646821975708008
307,1.8132638931274414,3.638031482696533,0.7432961463928223,0.3637123107910156
308,1.799320101737976,3.6655309200286865,0.7426203489303589,0.3566986918449402
309,1.8806288242340088,3.667783498764038,0.7456754446029663,0.3574112057685852
310,1.9838488101959229,3.67954683303833,0.7299975156784058,0.3538476824760437
311,2.1932361125946045,3.716482162475586,0.7301185131072998,0.358822226524353
312,1.855119228363037,3.612967014312744,0.7479113340377808,0.35161393880844116
313,2.0226733684539795,3.648153305053711,0.7264621257781982,0.3574679493904114
314,1.9732517004013062,3.556143283843994,0.7666957378387451,0.35967710614204407
315,1.9199289083480835,3.5346572399139404,0.7529317736625671,0.3647741377353668
316,1.6907176971435547,3.5835630893707275,0.7437213063240051,0.36519184708595276
317,1.8549177646636963,3.4549896717071533,0.7336165904998779,0.372760534286499
318,2.069439172744751,3.519895315170288,0.7290164828300476,0.3709198832511902
319,1.8559882640838623,3.619169235229492,0.7511599063873291,0.3729184567928314
320,1.7919763326644897,3.587939500808716,0.7467229962348938,0.3622821569442749
321,1.8168796300888062,3.574453830718994,0.7608165144920349,0.36567574739456177
322,1.8118975162506104,3.615554094314575,0.7438857555389404,0.35912954807281494
323,1.8998982906341553,3.6398000717163086,0.7347086668014526,0.359525203704834
324,1.8601088523864746,3.660665273666382,0.7372640371322632,0.3520960807800293
325,1.9433706998825073,3.6122045516967773,0.721503734588623,0.35485532879829407
326,1.804689884185791,3.5808401107788086,0.7678374648094177,0.36030706763267517
327,1.901699185371399,3.591449499130249,0.7527077198028564,0.3637893795967102
328,1.906507968902588,3.646986722946167,0.7297684550285339,0.3657954931259155
329,1.9625314474105835,3.546152114868164,0.7490172982215881,0.3588348925113678
330,1.8744759559631348,3.563680410385132,0.7320989966392517,0.3576682209968567
331,1.93680739402771,3.710709810256958,0.7377115488052368,0.3580235540866852
332,1.5478577613830566,3.7375051975250244,0.7912723422050476,0.34883391857147217
333,2.06752872467041,3.7353761196136475,0.7238748669624329,0.34638872742652893
334,1.7748260498046875,3.557664155960083,0.7771100997924805,0.3667640686035156
335,2.0117459297180176,3.451756477355957,0.7572716474533081,0.3793323338031769
336,1.9960051774978638,3.4098689556121826,0.7421148419380188,0.3808825612068176
337,1.9969151020050049,3.4462101459503174,0.7519371509552002,0.37227439880371094
338,1.8527500629425049,3.4185867309570312,0.7498270273208618,0.36871039867401123
339,1.9950323104858398,3.4618396759033203,0.7345860600471497,0.36907944083213806
340,2.31974720954895,3.5354573726654053,0.6718958020210266,0.35766199231147766
341,1.7586513757705688,3.6311137676239014,0.784877598285675,0.36764445900917053
342,1.8793610334396362,3.538562774658203,0.7392500638961792,0.3685024380683899
343,1.8231260776519775,3.5459835529327393,0.7559750080108643,0.3756996989250183
344,1.8577946424484253,3.5838892459869385,0.7581813335418701,0.37774658203125
345,2.066131591796875,3.5810298919677734,0.7177296876907349,0.3740137219429016
346,1.8093842267990112,3.5732693672180176,0.7646615505218506,0.356995165348053
347,1.847279667854309,3.693183422088623,0.7551319599151611,0.36238041520118713
348,1.816039800643921,3.7121286392211914,0.7709680795669556,0.3508593738079071
349,2.0304393768310547,3.527552604675293,0.7183218598365784,0.3632376194000244
350,1.9296742677688599,3.5414702892303467,0.7623575925827026,0.3659966289997101
351,1.9704945087432861,3.5502657890319824,0.722726583480835,0.37108543515205383
352,1.8471447229385376,3.618577480316162,0.7666428685188293,0.37216028571128845
353,1.8165912628173828,3.5530216693878174,0.773030698299408,0.37168335914611816
354,1.8616139888763428,3.5474681854248047,0.7563982009887695,0.37046030163764954
355,1.8352129459381104,3.5763461589813232,0.7289111018180847,0.3709079325199127
356,1.7184321880340576,3.454676866531372,0.7798144817352295,0.37994706630706787
357,1.8707135915756226,3.4098100662231445,0.7508251667022705,0.3818132281303406
358,1.8148415088653564,3.4640157222747803,0.7652087211608887,0.38193556666374207
359,1.9316927194595337,3.458284616470337,0.7235503792762756,0.3770158886909485
360,2.058441162109375,3.4854483604431152,0.7246173620223999,0.36662185192108154
361,1.7192834615707397,3.5364015102386475,0.7722516655921936,0.37034156918525696
362,1.7977436780929565,3.587574005126953,0.7476080060005188,0.37032341957092285
363,1.6216328144073486,3.5825035572052,0.7788481116294861,0.37593701481819153
364,1.9190752506256104,3.614164113998413,0.7465940713882446,0.36726343631744385
365,1.8084272146224976,3.6054437160491943,0.7671532034873962,0.3628266453742981
366,1.6906373500823975,3.698239326477051,0.747411847114563,0.37605664134025574
367,1.6308435201644897,3.6533799171447754,0.7836636900901794,0.3775568902492523
368,1.9747117757797241,3.611074447631836,0.7512860894203186,0.377327561378479
369,1.7981312274932861,3.5660078525543213,0.764322817325592,0.3776407241821289
370,1.9107997417449951,3.508655548095703,0.7296872735023499,0.3724483251571655
371,1.8697513341903687,3.487879753112793,0.7545294165611267,0.3770388662815094
372,2.0151491165161133,3.599332809448242,0.7434872984886169,0.37358054518699646
373,1.9126542806625366,3.76649808883667,0.7452115416526794,0.36359232664108276
374,1.8115386962890625,3.5697100162506104,0.7664580941200256,0.3642796576023102
375,1.7152255773544312,3.6656622886657715,0.7831881642341614,0.35320430994033813
376,1.9896907806396484,3.6949191093444824,0.7298282980918884,0.3583052456378937
377,1.8601839542388916,3.6034295558929443,0.7488669157028198,0.3722606599330902
378,2.004775047302246,3.6432673931121826,0.724172830581665,0.36446669697761536
379,1.8928653001785278,3.584878444671631,0.754862368106842,0.36746060848236084
380,1.809922695159912,3.7011234760284424,0.7592609524726868,0.3688005805015564
381,1.988821029663086,3.7775213718414307,0.7437418103218079,0.35116860270500183
382,1.7883256673812866,3.680565357208252,0.7471234202384949,0.3654974699020386
383,1.9372910261154175,3.5635647773742676,0.7566105723381042,0.36429363489151
384,2.1290841102600098,3.5872159004211426,0.7259663343429565,0.3558722734451294
385,1.8898680210113525,3.6598196029663086,0.7607058882713318,0.3531774878501892
386,1.8457034826278687,3.6653196811676025,0.7582417726516724,0.35456031560897827
387,2.1621036529541016,3.4746170043945312,0.7221501469612122,0.3570588529109955
388,1.868938684463501,3.5340166091918945,0.7480838298797607,0.36155274510383606
389,1.9838085174560547,3.640401840209961,0.7395535707473755,0.3541862368583679
390,1.795512318611145,3.669292688369751,0.776848316192627,0.35920512676239014
391,1.8990730047225952,3.5627429485321045,0.773181140422821,0.364190936088562
392,1.8557852506637573,3.6514012813568115,0.7259645462036133,0.36501094698905945
393,1.6888779401779175,3.742699146270752,0.7617437839508057,0.36417755484580994
394,1.999610185623169,3.8447959423065186,0.737320065498352,0.3520420789718628
395,1.7235546112060547,3.785069465637207,0.7703263163566589,0.3442096412181854
396,1.8221664428710938,3.821309804916382,0.7649134993553162,0.3520076870918274
397,1.7244445085525513,3.743817090988159,0.7485575079917908,0.3622859716415405
398,1.8406753540039062,3.6618812084198,0.7378689050674438,0.3622380197048187
399,1.9013597965240479,3.6457059383392334,0.7478481531143188,0.35396113991737366
400,1.7822391986846924,3.690715789794922,0.7638881206512451,0.34862393140792847
401,2.005863904953003,3.6701533794403076,0.7412742972373962,0.3575080335140228
402,1.6886610984802246,3.5636656284332275,0.7655792832374573,0.35820770263671875
403,1.7697205543518066,3.5476434230804443,0.764276385307312,0.3726024031639099
404,1.8420486450195312,3.617767095565796,0.7482070922851562,0.3669974207878113
405,1.8651905059814453,3.7900562286376953,0.7363744378089905,0.3602074086666107
406,1.9587249755859375,3.7541184425354004,0.7342824935913086,0.35503682494163513
407,1.8425568342208862,3.743760824203491,0.7595137357711792,0.3469732105731964
408,1.9042246341705322,3.686570882797241,0.7445256114006042,0.3571404218673706
409,2.055647373199463,3.663841724395752,0.7274315357208252,0.34683677554130554
410,1.920522689819336,3.5758469104766846,0.7671329379081726,0.3600459396839142
411,1.8997637033462524,3.6597888469696045,0.7595286965370178,0.3604986369609833
412,1.894544243812561,3.6258084774017334,0.7595254182815552,0.36418378353118896
413,2.004267454147339,3.556060314178467,0.749379575252533,0.3615838885307312
414,1.977187156677246,3.5399744510650635,0.7551501393318176,0.36641955375671387
415,1.9286946058273315,3.5961923599243164,0.7569490671157837,0.3630795478820801
416,2.010390043258667,3.7015247344970703,0.723658561706543,0.3595631718635559
417,1.9467155933380127,3.7650907039642334,0.7582484483718872,0.35681065917015076
418,1.9018199443817139,3.7618396282196045,0.7696672081947327,0.3506261706352234
419,1.9574499130249023,3.677591562271118,0.7346627116203308,0.3626374304294586
420,1.8823059797286987,3.754321813583374,0.7488807439804077,0.35826191306114197
421,1.8216474056243896,3.7364556789398193,0.7478106617927551,0.35243916511535645
422,1.8236780166625977,3.7493910789489746,0.7647032141685486,0.3561829924583435
423,1.9157276153564453,3.6017706394195557,0.7352083921432495,0.36782515048980713
424,1.6664419174194336,3.611525774002075,0.7924304008483887,0.3750380277633667
425,1.8862228393554688,3.680169105529785,0.7421717047691345,0.36808276176452637
426,1.906908392906189,3.694762945175171,0.7553285360336304,0.3666052520275116
427,1.7210952043533325,3.649202585220337,0.741165280342102,0.35791832208633423
428,1.9525790214538574,3.5823192596435547,0.7379305958747864,0.3624914586544037
429,1.7368190288543701,3.662489175796509,0.7722938060760498,0.3573923408985138
430,1.8626606464385986,3.688900947570801,0.7342609167098999,0.36104699969291687
431,1.7581660747528076,3.643022060394287,0.7787135243415833,0.35164421796798706
432,1.8574129343032837,3.7943999767303467,0.741855263710022,0.34719792008399963
433,1.9891908168792725,3.613652229309082,0.7377856373786926,0.344932496547699
434,1.7426319122314453,3.555546998977661,0.7761121988296509,0.3475201725959778
435,1.8008372783660889,3.60923171043396,0.7459515929222107,0.3485702574253082
436,1.7447420358657837,3.715174913406372,0.7645696997642517,0.34801551699638367
437,1.8806012868881226,3.571948289871216,0.747820258140564,0.3500065207481384
438,1.9157465696334839,3.681403160095215,0.7353004813194275,0.3523867130279541
439,1.6374156475067139,3.703768491744995,0.7763932943344116,0.34598425030708313
440,1.6650526523590088,3.84273624420166,0.7878955006599426,0.3461459279060364
441,1.858388900756836,3.49652099609375,0.783000648021698,0.3599197268486023
442,1.9540555477142334,3.5700554847717285,0.7510610222816467,0.3631948232650757
443,1.7438950538635254,3.6858370304107666,0.7576610445976257,0.35525384545326233
444,1.7187217473983765,3.6557576656341553,0.7490029335021973,0.35468927025794983
445,1.7366098165512085,3.7132508754730225,0.7629311680793762,0.35477885603904724
446,1.7533891201019287,3.6780307292938232,0.7367903590202332,0.36287224292755127
447,1.9386570453643799,3.519383192062378,0.7718943953514099,0.36683472990989685
448,1.874305009841919,3.6880502700805664,0.7679514288902283,0.35806313157081604
449,1.6548233032226562,3.780223846435547,0.7686347961425781,0.35007989406585693
450,1.6186821460723877,3.8075077533721924,0.7602835297584534,0.34211230278015137
451,1.82841157913208,3.7891669273376465,0.761793851852417,0.3507435917854309
452,1.624897837638855,3.6457715034484863,0.7649881839752197,0.3487352430820465
453,1.724063754081726,3.6597986221313477,0.7667735815048218,0.35960206389427185
454,1.4895275831222534,3.6433839797973633,0.7583411931991577,0.35709643363952637
455,1.8916869163513184,3.758775234222412,0.7571704983711243,0.3535350561141968
456,1.7323381900787354,3.6247048377990723,0.763835608959198,0.35570865869522095
457,1.7423322200775146,3.5955681800842285,0.747317910194397,0.3657315969467163
458,1.85899019241333,3.61411452293396,0.7605569362640381,0.3555847406387329
459,1.9644278287887573,3.6193320751190186,0.7394402027130127,0.35824477672576904
460,1.8277941942214966,3.713646411895752,0.7594851851463318,0.3484760820865631
461,1.8315459489822388,3.7429323196411133,0.7570467591285706,0.3501875400543213
462,1.9974335432052612,3.5943493843078613,0.7595483064651489,0.36303287744522095
463,1.5891773700714111,3.638120174407959,0.775586724281311,0.36013320088386536
464,1.7434422969818115,3.7022690773010254,0.7535071969032288,0.36351239681243896
465,1.8465582132339478,3.686136484146118,0.758544921875,0.3505191206932068
466,1.7382228374481201,3.550781011581421,0.7596101760864258,0.3626001179218292
467,1.944313645362854,3.692983388900757,0.7585766315460205,0.36105698347091675
468,1.7801626920700073,3.6644511222839355,0.773120641708374,0.34737786650657654
469,1.8938300609588623,3.595507860183716,0.7513540387153625,0.35019704699516296
470,1.6771701574325562,3.5909032821655273,0.7426578998565674,0.36361178755760193
471,1.6708393096923828,3.6867403984069824,0.764994740486145,0.3563501238822937
472,1.8107664585113525,3.7882113456726074,0.7606040239334106,0.3469184935092926
473,1.7726174592971802,3.698488712310791,0.7716492414474487,0.3407146632671356
474,1.7835749387741089,3.6114161014556885,0.7303264141082764,0.3575747609138489
475,1.6330732107162476,3.6100916862487793,0.7682751417160034,0.3650815784931183
476,1.9027378559112549,3.539973258972168,0.7445477843284607,0.37074872851371765
477,1.7665077447891235,3.6346888542175293,0.7671942114830017,0.36685726046562195
478,1.7939499616622925,3.678096055984497,0.7361665368080139,0.3607005774974823
479,1.8245898485183716,3.658684015274048,0.7632821202278137,0.36869555711746216
480,1.6923317909240723,3.7326672077178955,0.7753599882125854,0.35812801122665405
481,1.7914965152740479,3.7327229976654053,0.7492932081222534,0.35329002141952515
482,1.6169284582138062,3.7618460655212402,0.7758041024208069,0.34171855449676514
483,1.7303171157836914,3.81965970993042,0.7891753315925598,0.3417089581489563
484,1.664699673652649,3.72594952583313,0.766787052154541,0.3629452586174011
485,1.8275249004364014,3.9640021324157715,0.7749642133712769,0.34878936409950256
486,1.8179935216903687,3.8431026935577393,0.7637631297111511,0.33718591928482056
487,2.142195701599121,3.5808019638061523,0.7538530230522156,0.3488740622997284
488,2.0874290466308594,3.5752367973327637,0.705261766910553,0.35076218843460083
489,1.8472334146499634,3.7056963443756104,0.7692766189575195,0.35753941535949707
490,1.9349387884140015,3.5369873046875,0.724510669708252,0.35663142800331116
491,1.7557615041732788,3.6210649013519287,0.7554805278778076,0.36616426706314087
492,2.0733981132507324,3.6184277534484863,0.7673722505569458,0.35688042640686035
493,1.7692897319793701,3.663276433944702,0.7607111930847168,0.3568689823150635
494,1.9508620500564575,3.7978532314300537,0.7304378151893616,0.3526979386806488
495,1.908892035484314,3.702704906463623,0.7370385527610779,0.3507915139198303
496,1.952059268951416,3.657938003540039,0.7126891613006592,0.36335018277168274
497,2.0017452239990234,3.7594873905181885,0.7415249347686768,0.36501872539520264
498,1.7678501605987549,3.6846611499786377,0.728328287601471,0.35834264755249023
499,1.788576602935791,3.6748995780944824,0.7652218341827393,0.34981873631477356
500,1.9173882007598877,3.7980213165283203,0.7548181414604187,0.35446640849113464
501,1.6744732856750488,3.7750978469848633,0.7660481929779053,0.3568955659866333
502,1.6885230541229248,3.7737390995025635,0.7827255725860596,0.36057624220848083
503,1.663145661354065,3.6081085205078125,0.7687052488327026,0.3612763285636902
504,1.8785115480422974,3.55718731880188,0.7714876532554626,0.3575793206691742
505,1.9585816860198975,3.686429023742676,0.7544033527374268,0.3636206090450287
506,1.6994655132293701,3.5631299018859863,0.7524455189704895,0.3660750091075897
507,1.8172109127044678,3.6401519775390625,0.7789801955223083,0.36037662625312805
508,2.0997157096862793,3.5389463901519775,0.7478259205818176,0.3481774926185608
509,1.9952521324157715,3.6636621952056885,0.7488715648651123,0.361675888299942
510,1.7723442316055298,3.7613844871520996,0.7657822370529175,0.3571126461029053
511,1.8260114192962646,3.6988651752471924,0.7622134685516357,0.35397693514823914
512,1.7192602157592773,3.6929051876068115,0.7842134833335876,0.3571476936340332
513,1.763376235961914,3.68229079246521,0.7688744068145752,0.3573615252971649
514,1.9161231517791748,3.626509189605713,0.7429601550102234,0.36641767621040344
515,1.8137166500091553,3.4792332649230957,0.7636179327964783,0.3648860454559326
516,1.7466844320297241,3.6095328330993652,0.7633706331253052,0.37067776918411255
517,1.617081642150879,3.711752414703369,0.7791282534599304,0.3690376579761505
518,1.8886055946350098,3.7769453525543213,0.7540642619132996,0.36737704277038574
519,1.8531972169876099,3.5940866470336914,0.7670949101448059,0.3571637272834778
520,1.8705812692642212,3.800260543823242,0.7521450519561768,0.3637407720088959
521,1.768565058708191,3.7034285068511963,0.7845198512077332,0.3584221303462982
522,1.9713668823242188,3.7042794227600098,0.7542051076889038,0.3642514944076538
523,1.8656556606292725,3.721633195877075,0.7688615918159485,0.3622545301914215
524,1.733357548713684,3.655390739440918,0.7730767130851746,0.3470645248889923
525,2.0660500526428223,3.572831630706787,0.7340888381004333,0.3503446578979492
526,1.7502992153167725,3.732936143875122,0.7595986127853394,0.3506605327129364
527,1.6306806802749634,3.8301665782928467,0.7797553539276123,0.3431372344493866
528,1.893953800201416,3.7989213466644287,0.7556620836257935,0.3364379405975342
529,1.7378476858139038,3.931137800216675,0.7719615697860718,0.34075236320495605
530,1.8020204305648804,3.9446284770965576,0.7517493367195129,0.33217138051986694
531,1.9576064348220825,3.847684144973755,0.7545682191848755,0.340989887714386
532,2.0424280166625977,3.7279977798461914,0.7423250079154968,0.34873849153518677
533,1.950805902481079,3.722069263458252,0.7344919443130493,0.3526793420314789
534,1.8936704397201538,3.6773393154144287,0.745685875415802,0.35596367716789246
535,1.7153785228729248,3.748492956161499,0.7708438634872437,0.3486652076244354
536,1.6635397672653198,3.536933660507202,0.7851716876029968,0.3610033690929413
537,1.9991103410720825,3.688730239868164,0.7671120166778564,0.3556382358074188
538,1.7251821756362915,3.732806444168091,0.7840297818183899,0.3571479618549347
539,1.7925093173980713,3.6893532276153564,0.7427952289581299,0.3431658446788788
540,1.8435378074645996,3.6039512157440186,0.7748243808746338,0.3607352674007416
541,1.722738265991211,3.5602543354034424,0.7787870764732361,0.361019104719162
542,2.053422451019287,3.614368438720703,0.732386589050293,0.3681507408618927
543,1.755656123161316,3.6729485988616943,0.760692834854126,0.3636932075023651
544,1.8554927110671997,3.6242291927337646,0.7734178900718689,0.36900055408477783
545,1.714762568473816,3.579869031906128,0.7762364745140076,0.37939345836639404
546,1.8939205408096313,3.546196937561035,0.7359381914138794,0.3813757300376892
547,1.751233696937561,3.541792631149292,0.7590717077255249,0.37759244441986084
548,1.9813404083251953,3.63376522064209,0.7526165246963501,0.3697664737701416
549,1.8162492513656616,3.72402024269104,0.7721936106681824,0.36719247698783875
550,1.7002688646316528,3.738919258117676,0.7689129114151001,0.3666853904724121
551,1.6407701969146729,3.8154008388519287,0.7605923414230347,0.3664957880973816
552,1.6312978267669678,3.7074027061462402,0.8017186522483826,0.36974290013313293
553,1.745867133140564,3.8210577964782715,0.7664735317230225,0.3569145202636719
554,1.9057976007461548,3.8133411407470703,0.7290090322494507,0.3641813397407532
555,1.7088961601257324,3.8156542778015137,0.777106523513794,0.35638192296028137
556,1.922763705253601,3.6594903469085693,0.7747911214828491,0.35860344767570496
557,1.7943331003189087,3.7066540718078613,0.7665269374847412,0.3564317524433136
558,1.81221604347229,3.8240878582000732,0.7667001485824585,0.35908249020576477
559,1.608356237411499,3.824561357498169,0.7966344952583313,0.3591509461402893
560,1.7986602783203125,3.8368446826934814,0.761167585849762,0.354655921459198
561,1.8519513607025146,3.878788948059082,0.7713218331336975,0.3572918474674225
562,1.7351090908050537,3.6803441047668457,0.7552754282951355,0.3564174473285675
563,1.6606793403625488,3.8151469230651855,0.7945913672447205,0.3609536588191986
564,1.8878750801086426,3.7300641536712646,0.7562590837478638,0.36053696274757385
565,1.7631245851516724,3.59544038772583,0.7824799418449402,0.3697725832462311
566,1.6899371147155762,3.752631187438965,0.7774274945259094,0.3627275824546814
567,1.742961049079895,3.767972707748413,0.778714120388031,0.3528081774711609
568,1.7111092805862427,3.817227363586426,0.7749674916267395,0.3489753007888794
569,1.828895926475525,3.761096954345703,0.7523311972618103,0.349697470664978
570,1.8011913299560547,3.723273277282715,0.7653906345367432,0.34319669008255005
571,1.644428014755249,3.8450989723205566,0.7524232864379883,0.3439658582210541
572,1.9833076000213623,3.8646278381347656,0.7653971910476685,0.34795722365379333
573,1.624022364616394,3.784088373184204,0.7812418937683105,0.35530760884284973
574,1.4888160228729248,3.7747912406921387,0.7916380763053894,0.3504839241504669
575,1.6804871559143066,3.89703106880188,0.7685137391090393,0.3467699885368347
576,1.8125730752944946,3.697408437728882,0.7589324712753296,0.33122533559799194
577,1.8025306463241577,3.718625545501709,0.7765938639640808,0.3410663306713104
578,1.8060613870620728,3.731107473373413,0.742561936378479,0.3432001769542694
579,1.6161022186279297,3.8499646186828613,0.7918772101402283,0.34268608689308167
580,1.54193913936615,3.848231554031372,0.793368935585022,0.34828293323516846
581,1.6701886653900146,3.868184804916382,0.7683009505271912,0.3478159010410309
582,1.5423364639282227,3.826028823852539,0.7761767506599426,0.33885180950164795
583,1.7345468997955322,3.8673007488250732,0.7952244281768799,0.3265385031700134
584,1.8131186962127686,3.8923306465148926,0.7545457482337952,0.3415406048297882
585,1.8619170188903809,3.8530144691467285,0.7440807819366455,0.3532456159591675
586,1.8349636793136597,3.944455146789551,0.7505108714103699,0.3518736660480499
587,1.7302769422531128,3.8856801986694336,0.7739315032958984,0.3514884114265442
588,1.7010647058486938,3.750060796737671,0.7672744393348694,0.3422999680042267
589,1.7029229402542114,3.88053560256958,0.7534170746803284,0.34303945302963257
590,1.710175633430481,3.805300712585449,0.7601516842842102,0.3389551341533661
591,1.8219046592712402,3.912184476852417,0.7748346328735352,0.34471115469932556
592,1.700313687324524,3.914733409881592,0.7793160676956177,0.34287822246551514
593,1.878737449645996,3.7531020641326904,0.7798528671264648,0.34409764409065247
594,1.7748394012451172,3.663801670074463,0.7591333985328674,0.3434271514415741
595,1.825852394104004,3.90210223197937,0.7549265623092651,0.3423630893230438
596,2.0034713745117188,3.7907280921936035,0.759624719619751,0.34096285700798035
597,1.831411361694336,3.7827630043029785,0.7660498023033142,0.3434542715549469
598,1.8816295862197876,3.9225447177886963,0.7556065320968628,0.34605178236961365
599,1.7415434122085571,3.8229916095733643,0.7540726661682129,0.3414609432220459
600,1.8482463359832764,3.6762537956237793,0.7798700332641602,0.35482412576675415
601,2.0130503177642822,3.6449646949768066,0.7225661873817444,0.3568975031375885
602,1.8908594846725464,3.7204625606536865,0.754426121711731,0.3620321750640869
603,1.5912495851516724,3.7986910343170166,0.7782911062240601,0.36806249618530273
604,1.9039618968963623,3.6980860233306885,0.7625938057899475,0.3662218451499939
605,1.8957980871200562,3.6718578338623047,0.7433974742889404,0.3662817180156708
606,1.8928146362304688,3.6540167331695557,0.7581456899642944,0.36601653695106506
607,1.4160112142562866,3.747283697128296,0.7713552713394165,0.36825039982795715
608,1.686065912246704,3.752901315689087,0.7734621167182922,0.3672211468219757
609,1.7185981273651123,3.8241467475891113,0.7837137579917908,0.3614597022533417
610,1.6085572242736816,3.7470293045043945,0.7789134979248047,0.3584563136100769
611,1.7420226335525513,3.8854496479034424,0.7776072025299072,0.35031658411026
612,1.8510172367095947,3.77663254737854,0.7439722418785095,0.34932854771614075
613,1.8109489679336548,3.8080520629882812,0.7468717694282532,0.3553254008293152
614,1.8677881956100464,3.832730293273926,0.7430828809738159,0.3594723045825958
615,1.7805169820785522,3.8583924770355225,0.7698045372962952,0.3541918694972992
